212
208
-1 0
625
679
697
-1	1
672
690
-1	2
17
37
87
107
217
233
243
285
307
417
471
489
-1	3
18
20
38
40
88
90
92
108
218
220
222
224
234
236
244
252
286
288
290
292
294
304
308
310
312
314
418
420
422
424
448
450
472
474
476
478
480
490
492
-1	4
19
21
39
41
89
91
93
109
219
221
223
231
235
237
251
253
287
289
291
293
303
305
309
311
313
419
421
423
447
449
463
473
475
477
479
481
491
-1	5
110
425
441
451
493
515
-1	6
440
446
462
514
-1	7
22
42
94
232
238
254
306
464
482
-1	8
225
245
295
315
-1	9
230
250
302
-1	10
1715
1922
2081
2123
2125
2133
2135
2137
2139
2145
2147
2151
2165
2288
2330
2331
2332
2340
2341
2342
2344
2345
2346
2347
2352
2354
2358
2359
2372
2373
2497
2499
2501
2511
2513
2515
2537
2541
2545
2547
2551
2553
2555
2559
2567
2569
2573
2579
2581
2704
2705
2706
2708
2709
2712
2716
2720
2721
2722
2726
2730
2734
2738
2742
2748
2749
2752
2753
2754
2758
2759
2760
2762
2766
2767
2774
2776
2777
2780
2784
2788
-1	11
2711
2715
2719
2725
2729
2733
2737
2741
2745
2783
2787