531
16
-1 0
805
806
807
808
809
810
1536
1537
1538
1539
1540
1541
1542
1543
1544
1545
1546
1547
1548
1549
1550
1551
-1 1
286
302
564
728
744
756
772
788
910
918
926
934
948
1016
1032
1046
1062
1116
1122
1138
1154
1166
1170
1182
1186
1198
1202
1214
1218
1234
1244
1260
1310
1326
1336
1352
1386
1402
1410
1464
1480
1510
1526
-1 2
48
49
64
80
96
240
270
271
287
303
319
368
384
400
565
566
567
568
569
570
571
572
573
574
575
585
586
589
590
624
625
640
664
665
666
667
668
669
670
671
729
730
731
732
733
734
745
746
747
748
749
757
758
759
760
761
762
763
764
773
774
775
776
777
778
779
789
790
791
792
793
794
832
833
834
835
836
837
838
839
840
841
848
851
852
853
854
855
856
868
869
870
871
885
886
902
911
927
935
936
937
938
939
940
941
942
943
949
950
951
952
953
954
955
965
966
967
968
969
970
976
982
983
984
985
992
1000
1047
1048
1049
1050
1051
1052
1053
1054
1055
1063
1064
1065
1066
1067
1068
1069
1070
1071
1072
1073
1074
1075
1076
1077
1078
1079
1080
1081
1082
1083
1084
1085
1086
1087
1089
1090
1091
1092
1093
1094
1095
1096
1097
1100
1101
1102
1103
1106
1107
1108
1109
1110
1111
1112
1117
1118
1119
1123
1124
1125
1126
1127
1128
1133
1134
1135
1139
1140
1141
1142
1143
1150
1151
1155
1156
1157
1158
1167
1171
1172
1173
1183
1187
1188
1199
1203
1215
1228
1229
1230
1231
1245
1246
1247
1248
1249
1250
1251
1261
1262
1263
1264
1265
1266
1277
1278
1279
1280
1281
1282
1294
1295
1296
1297
1298
1311
1312
1313
1327
1328
1337
1338
1339
1340
1341
1344
1345
1353
1354
1355
1356
1361
1362
1370
1371
1378
1394
1411
1412
1413
1414
1415
1416
1417
1418
1430
1431
1432
1433
1448
1481
1482
1483
1484
1485
1486
1487
1494
1495
1496
1497
1498
1499
1500
1501
1502
1503
1511
1512
1513
1514
1515
1516
1517
1518
1519
1527
1528
1529
1530
1531
1532
1533
1534
1535
-1 3
95
187
269
335
427
431
601
605
663
867
901
981
1105
1149
1227
1293
1377
1493
-1 4
65
81
369
385
795
887
903
919
977
1001
1017
1033
1113
1189
1219
1235
1267
1283
1329
1357
1363
1379
1387
1395
1403
1419
1449
1465
-1 5
580
1368
1426
1446
-1 6
581
583
681
683
685
687
957
959
999
1099
1343
1369
1427
1429
1447
-1 7
582
680
682
684
686
956
958
998
1098
1204
1342
1372
1428
1434
-1 8
1205
1373
1435
-1 9
584
587
588
591
641
735
765
849
850
857
884
971
1088
1159
1360
-1 10
50
112
188
256
416
428
602
606
626
656
750
780
842
864
872
986
1008
1144
1174
1252
1314
-1 11
97
241
401
993
1129
1299
-1 12
318
964
1132
1276
-1 13
804
-1 14
811
-1 15
548
-1 16
549
551
553
555
557
559
-1 17
550
552
554
556
558
-1 18
532
-1 19
533
535
537
539
541
543
-1 20
534
536
538
540
542