32	768	122	112	0	0
160	256	90	80	0	0
256	288	58	48	0	0
352	384	58	48	0	0
416	480	90	80	0	0
640	736	74	64	0	0
896	1056	122	112	0	0
1184	1440	122	112	0	0
1376	1888	154	144	0	0
1504	1568	74	64	0	0
1600	1824	90	80	0	0
1856	1984	122	112	0	0
2016	2080	122	112	0	0
2048	2080	154	144	0	0
2112	2144	154	144	0	0
2176	2208	154	144	0	0
2240	2272	122	112	0	0
2336	2400	90	80	0	0
2496	2560	154	144	0	0
2496	2528	122	112	0	0
2624	2656	122	112	0	0
2720	2784	90	80	0	0
3008	3136	122	112	0	0
3040	3136	74	64	0	0
3136	3168	90	80	0	0
3168	3200	58	48	0	0
288	352	26	16	0	2
608	672	26	16	0	2
1408	1504	26	16	0	2
1728	1920	26	16	0	2
1920	1984	58	48	0	1
1984	2016	122	112	0	1
2016	2080	58	48	0	1
2112	2144	74	64	0	1
2080	2112	154	144	0	1
2144	2176	154	144	0	1
2176	2272	90	80	0	1
2272	2304	122	112	0	1
2336	2368	26	16	0	1
2368	2464	58	48	0	1
2464	2496	122	112	0	1
2496	2528	26	16	0	1
2528	2560	74	64	0	1
2592	2624	122	112	0	1
2624	2720	90	80	0	1
2720	2816	26	16	0	1
2848	2912	58	48	0	1
2944	3008	90	80	0	1
3008	3248	26	16	0	1
3248	3328	42	32	0	2
0	288	26	16	5	1
352	608	26	16	5	1
672	1408	26	16	5	1
1504	1728	26	16	5	1
