-32	288	1962	1952	0	0
-32	288	1914	1904	0	0
128	288	1866	1856	0	0
32	96	1834	1824	0	0
160	288	1802	1792	0	0
-32	128	1786	1776	0	0
96	192	1754	1744	0	0
-32	96	1722	1712	0	0
128	288	1706	1696	0	0
-32	224	1674	1664	0	0
160	288	1642	1632	0	0
192	288	1610	1600	0	0
-32	96	1530	1520	0	0
32	128	1482	1472	0	0
160	288	1466	1456	0	0
192	224	1434	1424	0	0
192	288	1402	1392	0	0
64	160	1402	1392	0	0
32	128	1354	1344	0	0
64	224	1322	1312	0	0
128	192	1274	1264	0	0
64	160	1242	1232	0	0
-32	32	1242	1232	0	0
160	224	1210	1200	0	0
128	192	1178	1168	0	0
160	192	1130	1120	0	0
-32	96	1066	1056	0	0
32	128	1034	1024	0	0
160	288	1034	1024	0	0
192	288	986	976	0	0
-32	64	970	960	0	0
32	96	938	928	0	0
-32	64	906	896	0	0
128	224	922	912	0	0
160	288	890	880	0	0
192	288	858	848	0	0
-32	288	826	816	0	0
-32	64	778	768	0	0
32	128	746	736	0	0
128	288	714	704	0	0
32	96	682	672	0	0
64	288	650	640	0	0
-32	128	618	608	0	0
-32	64	570	560	0	0
-32	288	522	512	0	0
160	288	490	480	0	0
-32	128	474	464	0	0
32	96	442	432	0	0
32	64	410	400	0	0
128	288	410	400	0	0
-32	64	362	352	0	0
192	288	362	352	0	0
32	192	330	320	0	0
-32	128	298	288	0	0
64	160	266	288	0	0
192	288	250	240	0	0
128	288	218	208	0	0
-32	64	234	224	0	0
32	96	202	192	0	0
-32	128	170	160	0	0
160	288	170	160	0	0
96	224	138	128	0	0
128	224	106	96	0	0
160	288	74	64	0	0
-32	288	42	32	0	0