0	576	90	80	0	1
576	688	122	112	0	0
576	736	42	32	0	1
736	864	90	80	0	1
832	960	42	32	0	1
960	1088	138	128	0	0
928	1216	90	80	0	1
1168	1312	138	128	0	1
1280	1504	90	80	0	1
1504	1568	26	16	0	1
1568	1760	58	48	0	1
1760	1824	122	112	0	2
1856	1920	90	80	0	2
1952	1984	90	80	0	2
2016	2080	122	112	0	2
2112	2272	90	80	0	2
2272	3104	58	48	0	2
3104	3168	90	80	0	2
3168	3856	58	48	0	2
3856	3936	42	32	0	2
3856	4048	90	80	0	1
4048	4304	42	32	0	2
4304	4560	90	80	0	2
4528	4544	90	80	0	2
4560	5104	58	48	0	2
1344	1504	138	128	0	0
1568	1696	138	128	0	0
1696	1760	106	96	0	0
2976	3072	106	96	0	0
4080	4304	122	112	0	0
